78
1.500000 21.000000 0.544734 0.059122
1.500000 28.000000 0.544734 0.000000
-1.500000 28.000000 0.543998 0.000000
-1.500000 21.000000 0.543998 0.059122
-8.000000 21.500000 0.542404 0.054899
-4.000000 18.500000 0.543385 0.080236
-1.500000 4.000000 0.543998 0.202703
0.000000 5.000000 0.544366 0.194257
-4.000000 9.000000 0.543385 0.160473
-4.000000 6.500000 0.543385 0.181588
1.500000 4.000000 0.544734 0.202703
4.000000 6.500000 0.545347 0.181588
4.000000 9.000000 0.545347 0.160473
4.000000 18.500000 0.545347 0.080236
8.000000 21.500000 0.546328 0.054899
4.000000 -5.000000 0.545347 0.278716
19.500000 5.000000 0.549148 0.194257
18.500000 10.000000 0.548903 0.152027
10.000000 0.000000 0.546819 0.236486
8.500000 -6.000000 0.546451 0.287162
5.500000 -6.000000 0.545715 0.287162
0.000000 -9.000000 0.544366 0.312500
1.500000 -10.000000 0.544734 0.320946
-1.500000 -10.000000 0.543998 0.320946
-4.000000 -5.000000 0.543385 0.278716
-5.500000 -6.000000 0.543017 0.287162
-10.000000 0.000000 0.541914 0.236486
-8.500000 -6.000000 0.542282 0.287162
-18.500000 10.000000 0.539829 0.152027
-19.500000 5.000000 0.539584 0.194257
-23.500000 10.000000 0.538603 0.152027
-22.000000 5.000000 0.538971 0.194257
-28.000000 5.500000 0.537500 0.190034
-23.000000 4.000000 0.538726 0.202703
-23.000000 1.500000 0.538726 0.223818
-28.000000 0.500000 0.537500 0.232264
0.000000 -27.500000 0.544366 0.468750
0.000000 -21.500000 0.544366 0.418074
28.000000 0.500000 0.551233 0.232264
23.000000 1.500000 0.550007 0.223818
28.000000 5.500000 0.551233 0.190034
23.000000 4.000000 0.550007 0.202703
23.500000 10.000000 0.550129 0.152027
22.000000 5.000000 0.549761 0.194257
1.500000 21.000000 0.503271 0.001033
-1.500000 21.000000 0.503014 0.001033
-4.000000 18.500000 0.502800 0.001033
4.000000 18.500000 0.503485 0.001033
-4.000000 9.000000 0.502800 0.001033
4.000000 9.000000 0.503485 0.001033
0.000000 5.000000 0.503271 0.001033
1.500000 4.000000 0.510899 0.001033
4.000000 -5.000000 0.511113 0.001033
4.000000 6.500000 0.511113 0.001033
0.000000 -9.000000 0.510899 0.001033
-1.500000 4.000000 0.510642 0.001033
0.000000 -9.000000 0.510642 0.001033
-4.000000 6.500000 0.510428 0.001033
-4.000000 -5.000000 0.510428 0.001033
-1.500000 -10.000000 0.519033 0.001033
0.000000 -21.500000 0.519161 0.001033
1.500000 -10.000000 0.519289 0.001033
8.500000 -6.000000 0.519889 0.001033
-8.500000 -6.000000 0.518433 0.001033
23.000000 4.000000 0.521130 0.001033
22.000000 5.000000 0.521045 0.001033
19.500000 5.000000 0.520831 0.001033
23.000000 1.500000 0.521130 0.001033
-19.500000 5.000000 0.517491 0.001033
-22.000000 5.000000 0.517277 0.001033
-23.000000 4.000000 0.517191 0.001033
-23.000000 1.500000 0.517191 0.001033
5.500000 -6.000000 0.519632 0.001033
-5.500000 -6.000000 0.518690 0.001033
8.000000 0.000000 0.546328 0.236486
-8.000000 0.000000 0.542404 0.236486
-10.000000 1.500000 0.541914 0.223818
10.000000 1.500000 0.546819 0.223818
72
0 1 2
2 3 0
3 2 4
3 4 5
6 7 8
8 9 6
10 7 7
6 10 7
11 12 7
10 11 7
13 14 1
13 1 0
14 13 15
16 17 18
19 16 18
20 19 18
15 20 18
21 22 20
15 21 20
23 22 21
24 25 23
24 23 21
26 25 24
26 27 25
28 29 27
27 26 28
28 30 29
30 31 29
32 33 31
31 30 32
32 34 33
32 35 34
36 37 34
34 35 36
36 38 39
36 39 37
38 40 39
40 41 39
42 43 41
42 41 40
16 43 42
16 42 17
44 45 46
46 47 44
48 49 47
48 47 46
48 50 49
51 52 53
54 52 51
54 51 55
56 55 57
57 58 56
59 60 61
60 62 61
60 59 63
64 65 66
66 67 64
68 69 70
68 70 71
60 63 68
68 71 60
66 62 60
60 67 66
61 62 72
59 73 63
15 18 74
14 15 74
26 24 75
75 24 5
5 4 75
26 76 28
17 77 18