79
-9.000000 1.000000 0.375000 0.472100
-6.000000 25.000000 0.421875 0.855300
-9.000000 28.000000 0.375000 0.903200
6.000000 25.000000 0.421875 0.855300
9.000000 28.000000 0.375000 0.903200
-19.000000 14.000000 0.033500 0.417300
-19.000000 11.000000 0.033500 0.434600
-11.000000 6.000000 0.045700 0.466200
-24.000000 1.000000 0.094600 0.472100
-25.000000 1.000000 0.094600 0.472100
0.000000 -23.000000 0.094600 0.088900
19.000000 7.000000 0.094600 0.567900
19.000000 6.000000 0.094600 0.552000
25.000000 1.000000 0.094600 0.472100
0.000000 -24.000000 0.437500 0.072900
0.000000 -25.000000 0.421875 0.057000
26.000000 1.000000 0.421875 0.472100
-6.000000 -5.000000 0.421875 0.376300
-19.000000 7.000000 0.437500 0.567900
-5.375000 -6.375000 0.421875 0.368300
9.000000 1.000000 0.375000 0.472100
19.000000 8.000000 0.421875 0.583900
19.000000 11.000000 0.375000 0.631800
0.000000 -28.000000 0.375000 0.009100
29.000000 1.000000 0.375000 0.472100
-26.000000 1.000000 0.421875 0.472100
5.375000 -6.375000 0.094600 0.392300
5.000000 24.000000 0.094600 0.839400
5.000000 -8.000000 0.094600 0.408300
5.375000 24.375000 0.437500 0.847300
-19.000000 8.000000 0.421875 0.583900
-19.000000 11.000000 0.375000 0.631800
-29.000000 1.000000 0.375000 0.472100
11.000000 30.000000 0.079300 0.320000
-11.000000 30.000000 0.045700 0.320000
-11.000000 30.000000 0.045700 0.320000
-19.000000 14.000000 0.033500 0.417300
11.000000 6.000000 0.079300 0.466200
11.000000 30.000000 0.079300 0.320000
-32.000000 1.000000 0.013500 0.497200
0.000000 -31.000000 0.062500 0.693100
0.000000 -31.000000 0.062500 0.693100
19.000000 14.000000 0.091500 0.417300
11.000000 6.000000 0.079300 0.466200
-11.000000 6.000000 0.045700 0.466200
32.000000 1.000000 0.111500 0.497200
19.000000 14.000000 0.091500 0.417300
-32.000000 1.000000 0.013500 0.497200
32.000000 1.000000 0.111500 0.497200
-5.375000 -6.375000 0.094600 0.352400
-19.000000 6.000000 0.094600 0.552000
-5.000000 -8.000000 0.094600 0.336400
19.000000 11.000000 0.091500 0.434600
-5.000000 24.000000 0.094600 0.839400
-5.375000 -6.375000 0.094600 0.392300
-5.000000 -8.000000 0.094600 0.408300
-6.000000 -5.000000 0.421875 0.392300
-29.000000 1.000000 0.017800 0.497200
-9.000000 1.000000 0.048800 0.495700
-19.000000 7.000000 0.094600 0.567900
0.000000 -24.000000 0.094600 0.072900
24.000000 1.000000 0.094600 0.472100
5.375000 -6.375000 0.094600 0.352400
5.000000 -8.000000 0.094600 0.336400
6.000000 -5.000000 0.421875 0.392300
19.000000 7.000000 0.437500 0.567900
5.375000 -6.375000 0.437500 0.352400
-25.000000 1.000000 0.437500 0.472100
25.000000 1.000000 0.437500 0.472100
6.000000 -5.000000 0.421875 0.376300
5.375000 24.375000 0.094600 0.847300
-5.375000 24.375000 0.437500 0.847300
-5.375000 -6.375000 0.437500 0.400300
-9.000000 28.000000 0.048800 0.332200
0.000000 -28.000000 0.062500 0.675800
9.000000 28.000000 0.076200 0.332200
29.000000 1.000000 0.107200 0.497200
9.000000 1.000000 0.076200 0.495700
-5.375000 24.375000 0.094600 0.847300
90
0 1 2
2 3 4
5 6 7
8 9 10
11 12 13
14 15 16
17 18 19
20 21 22
3 20 4
16 23 24
25 23 15
26 27 28
3 1 29
30 0 31
30 32 25
16 22 21
33 34 35
7 36 5
37 38 33
39 40 41
42 43 37
35 44 7
45 46 42
39 36 47
45 40 48
49 50 51
52 45 42
53 54 55
0 56 1
2 1 3
5 39 57
6 58 7
5 57 6
8 50 59
60 13 10
13 61 10
8 59 9
60 10 9
11 62 12
12 61 13
62 63 12
21 64 65
64 66 65
18 30 25
67 18 25
16 21 65
16 65 68
67 25 15
16 68 14
14 67 15
17 30 18
20 69 21
3 64 20
16 15 23
25 32 23
26 70 27
29 66 64
1 56 71
56 72 71
29 64 3
1 71 29
30 17 0
30 31 32
16 24 22
33 38 34
7 44 36
37 43 38
39 47 40
42 46 43
35 34 44
45 48 46
39 5 36
45 41 40
49 59 50
35 7 73
7 58 73
57 39 41
74 57 41
33 35 73
33 73 75
37 33 75
76 74 41
37 75 77
37 77 52
76 41 45
42 37 52
52 76 45
53 27 70
78 54 53
53 70 78