92
-0.000000 -32.000000 0.898438 0.000000
-0.000000 -30.000000 0.601562 0.000000
-30.000000 -0.000000 0.601562 1.000000
-32.000000 -0.000000 0.898438 1.000000
-32.000000 -0.000000 0.898438 0.000000
-30.000000 -0.000000 0.601562 0.000000
-20.000000 10.000000 0.601562 1.000000
-20.000000 12.000000 0.898438 1.000000
-10.000000 22.000000 0.898438 1.000000
-10.000000 2.000002 0.898438 0.000000
-8.500000 0.500001 0.601562 0.000000
-8.500000 21.500000 0.601562 1.000000
-20.000000 10.000000 0.398438 1.000000
-20.000000 7.000003 0.101562 1.000000
-0.000001 -13.000000 0.101562 0.000000
-0.000001 -10.000000 0.398438 0.000000
0.000000 30.000000 0.398438 0.000000
-8.500000 21.500000 0.398438 1.000000
-6.499996 20.500000 0.101562 1.000000
0.000002 27.000000 0.101562 0.000000
-30.000000 -0.000000 0.398438 0.000000
-0.000000 -30.000000 0.398438 1.000000
-0.000002 -27.000000 0.101562 1.000000
-27.000000 0.000005 0.101562 0.000000
-6.500000 1.000001 0.101562 1.000000
-6.499996 20.500000 0.101562 0.000000
-8.500000 21.500000 0.398438 0.000000
-8.500000 0.500001 0.398438 1.000000
-27.000000 0.000005 0.101562 1.000000
-20.000000 7.000003 0.101562 0.000000
-20.000000 10.000000 0.398438 0.000000
-30.000000 -0.000000 0.398438 1.000000
-6.500000 1.000001 0.101562 0.000000
-8.500000 0.500001 0.398438 0.000000
-0.000001 -8.000000 0.398438 1.000000
-0.000000 -5.500000 0.101562 1.000000
-8.500000 0.500001 0.898438 0.500000
-10.000000 2.000002 0.898438 0.500000
-20.000000 12.000000 0.898438 0.000000
-20.000000 10.000000 0.601562 0.000000
-0.000001 -10.000000 0.601562 1.000000
-0.000001 -8.000000 0.898438 1.000000
-8.500000 21.500000 0.601562 0.000000
0.000000 30.000000 0.601562 1.000000
0.000000 32.000000 0.898438 1.000000
-10.000000 22.000000 0.898438 0.000000
-0.000000 -32.000000 0.898438 1.000000
32.000000 0.000000 0.898438 0.000000
30.000000 0.000000 0.601562 0.000000
-0.000000 -30.000000 0.601562 1.000000
32.000000 0.000000 0.898438 1.000000
20.000000 12.000000 0.898438 0.000000
20.000000 10.000000 0.601562 0.000000
30.000000 0.000000 0.601562 1.000000
10.000000 22.000000 0.898438 0.000000
8.500000 21.500000 0.601562 0.000000
8.500000 0.500000 0.601562 1.000000
10.000000 2.000000 0.898438 1.000000
20.000000 10.000000 0.398438 0.000000
-0.000001 -10.000000 0.398438 1.000000
-0.000001 -13.000000 0.101562 1.000000
20.000000 7.000000 0.101562 0.000000
0.000000 30.000000 0.398438 1.000000
0.000002 27.000000 0.101562 1.000000
6.500000 20.500000 0.101562 0.000000
8.500000 21.500000 0.398438 0.000000
30.000000 0.000000 0.398438 1.000000
27.000000 -0.000000 0.101562 1.000000
-0.000002 -27.000000 0.101562 0.000000
-0.000000 -30.000000 0.398438 0.000000
6.500000 1.000000 0.101562 0.000000
8.500000 0.500000 0.398438 0.000000
8.500000 21.500000 0.398438 1.000000
6.500000 20.500000 0.101562 1.000000
27.000000 -0.000000 0.101562 0.000000
30.000000 0.000000 0.398438 0.000000
20.000000 10.000000 0.398438 1.000000
20.000000 7.000000 0.101562 1.000000
6.500000 1.000000 0.101562 1.000000
-0.000000 -5.500000 0.101562 0.000000
-0.000001 -8.000000 0.398438 0.000000
8.500000 0.500000 0.398438 1.000000
8.500000 21.500000 0.601562 1.000000
10.000000 22.000000 0.898438 1.000000
0.000000 32.000000 0.898438 0.000000
0.000000 30.000000 0.601562 0.000000
-0.000001 -10.000000 0.601562 0.000000
20.000000 10.000000 0.601562 1.000000
20.000000 12.000000 0.898438 1.000000
10.000000 2.000000 0.898438 0.500000
8.500000 0.500000 0.898438 0.375000
-0.000001 -8.000000 0.898438 0.000000
48
0 1 2
0 2 3
4 5 6
4 6 7
8 9 10
8 10 11
12 13 14
12 14 15
16 17 18
16 18 19
20 21 22
20 22 23
24 25 26
24 26 27
28 29 30
28 30 31
32 33 34
32 34 35
36 37 38
36 38 39
36 39 40
36 40 41
42 43 44
42 44 45
46 47 48
46 48 49
50 51 52
50 52 53
54 55 56
54 56 57
58 59 60
58 60 61
62 63 64
62 64 65
66 67 68
66 68 69
70 71 72
70 72 73
74 75 76
74 76 77
78 79 80
78 80 81
82 83 84
82 84 85
86 87 88
86 88 89
86 89 90
86 90 91