27
24.000000 1.000000 0.421875 0.495100
5.000000 -8.000000 0.421875 0.789400
0.000000 -23.000000 0.421875 0.999500
19.000000 6.000000 0.421875 0.495100
0.000000 -13.000000 0.421875 0.894500
5.000000 -3.000000 0.421875 0.736800
0.000000 -3.000000 0.421875 0.789400
0.000000 -8.000000 0.421875 0.841900
-24.000000 1.000000 0.421875 0.495800
-5.000000 -8.000000 0.421875 0.790100
5.000000 4.000000 0.421875 0.663300
0.000000 4.000000 0.421875 0.715800
-19.000000 6.000000 0.421875 0.495800
-5.000000 -3.000000 0.421875 0.737500
-5.000000 4.000000 0.421875 0.664000
5.000000 14.000000 0.421875 0.558200
0.000000 14.000000 0.421875 0.610700
0.000000 7.000000 0.421875 0.684300
-5.000000 14.000000 0.421875 0.558900
0.000000 17.000000 0.421875 0.579200
5.000000 17.000000 0.421875 0.526700
5.000000 24.000000 0.421875 0.453100
-5.000000 24.000000 0.421875 0.453800
-5.000000 17.000000 0.421875 0.527400
-5.000000 7.000000 0.421875 0.632400
0.000000 24.000000 0.421875 0.505600
5.000000 7.000000 0.421875 0.631700
20
0 1 2
1 0 3
1 4 2
5 6 7
8 2 9
5 10 11
9 12 8
9 2 4
13 7 6
11 14 13
11 13 6
5 11 6
15 16 17
17 16 18
19 20 21
22 23 19
17 18 24
22 19 25
15 17 26
19 21 25
