128
-19.000000 7.000000 0.219600 0.567900
-26.000000 1.000000 0.202600 0.472100
-25.000000 1.000000 0.219600 0.472100
0.000000 -28.000000 0.062500 0.675800
-29.000000 1.000000 0.017800 0.497200
-32.000000 1.000000 0.013500 0.497200
-6.000000 15.000000 0.202600 0.695700
-6.000000 16.000000 0.202600 0.711600
-9.000000 28.000000 0.125400 0.903200
6.000000 25.000000 0.202600 0.855300
9.000000 28.000000 0.125400 0.903200
-19.000000 14.000000 0.033500 0.417300
-19.000000 11.000000 0.033500 0.434600
-11.000000 6.000000 0.045700 0.466200
-24.000000 1.000000 0.094600 0.472100
-25.000000 1.000000 0.094600 0.472100
0.000000 -23.000000 0.094600 0.088900
-6.000000 25.000000 0.202600 0.855300
-5.500000 16.500000 0.219600 0.719600
-5.500000 24.500000 0.219600 0.847300
5.500000 16.500000 0.219600 0.719600
6.000000 16.000000 0.202600 0.711600
19.000000 7.000000 0.094600 0.567900
0.000000 -12.000000 0.094600 0.264500
19.000000 6.000000 0.094600 0.552000
9.000000 1.000000 0.125400 0.472100
6.000000 -4.000000 0.202600 0.392300
6.000000 -5.000000 0.202600 0.376300
5.500000 14.500000 0.219600 0.687700
-5.500000 14.500000 0.219600 0.687700
-6.000000 6.000000 0.202600 0.552000
-5.500000 6.500000 0.219600 0.559900
-6.000000 5.000000 0.202600 0.536000
5.500000 4.500000 0.219600 0.528000
6.000000 5.000000 0.202600 0.536000
0.000000 -12.000000 0.219600 0.264500
-6.000000 -5.000000 0.202600 0.376300
5.500000 -3.500000 0.219600 0.400300
0.000000 -25.000000 0.202600 0.057000
0.000000 -24.000000 0.219600 0.072900
19.000000 8.000000 0.202600 0.583900
19.000000 11.000000 0.125400 0.631800
25.000000 1.000000 0.219600 0.472100
19.000000 7.000000 0.219600 0.567900
-5.500000 -3.500000 0.219600 0.400300
-6.000000 -4.000000 0.202600 0.392300
0.000000 -9.000000 0.219600 0.312400
6.000000 6.000000 0.202600 0.552000
19.000000 11.000000 0.091500 0.434600
19.000000 14.000000 0.091500 0.417300
11.000000 6.000000 0.079300 0.466200
5.500000 24.500000 0.219600 0.847300
5.500000 6.500000 0.219600 0.559900
26.000000 1.000000 0.202600 0.472100
0.000000 -28.000000 0.125400 0.009100
29.000000 1.000000 0.125400 0.472100
6.000000 15.000000 0.202600 0.695700
6.000000 16.000000 0.195600 0.711600
-6.000000 15.000000 0.195600 0.695700
6.000000 15.000000 0.195600 0.695700
0.000000 -10.000000 0.195600 0.296500
6.000000 -5.000000 0.195600 0.376300
6.000000 -4.000000 0.195600 0.392300
-9.000000 1.000000 0.125400 0.472100
-6.000000 5.000000 0.195600 0.536000
6.000000 6.000000 0.195600 0.552000
-6.000000 6.000000 0.195600 0.552000
5.500000 4.500000 0.094600 0.528000
-5.000000 4.000000 0.094600 0.520000
5.000000 4.000000 0.094600 0.520000
5.500000 14.500000 0.094600 0.687700
5.000000 14.000000 0.094600 0.679700
5.000000 7.000000 0.094600 0.567900
-5.500000 6.500000 0.094600 0.559900
-5.000000 7.000000 0.094600 0.567900
-5.000000 14.000000 0.094600 0.679700
-5.000000 24.000000 0.094600 0.839400
-5.500000 16.500000 0.094600 0.719600
-5.000000 17.000000 0.094600 0.727600
5.000000 17.000000 0.094600 0.727600
5.500000 16.500000 0.094600 0.719600
0.000000 -9.000000 0.094600 0.312400
0.000000 -8.000000 0.094600 0.328400
-5.500000 -3.500000 0.094600 0.400300
-19.000000 8.000000 0.202600 0.583900
-19.000000 11.000000 0.125400 0.631800
-29.000000 1.000000 0.125400 0.472100
11.000000 30.000000 0.079300 0.320000
-11.000000 30.000000 0.045700 0.320000
-11.000000 30.000000 0.045700 0.320000
-19.000000 14.000000 0.033500 0.417300
11.000000 30.000000 0.079300 0.320000
0.000000 -31.000000 0.062500 0.693100
0.000000 -31.000000 0.062500 0.693100
11.000000 6.000000 0.079300 0.466200
-11.000000 6.000000 0.045700 0.466200
32.000000 1.000000 0.111500 0.497200
19.000000 14.000000 0.091500 0.417300
-32.000000 1.000000 0.013500 0.497200
32.000000 1.000000 0.111500 0.497200
-9.000000 1.000000 0.048800 0.495700
-19.000000 6.000000 0.094600 0.552000
-19.000000 7.000000 0.094600 0.567900
0.000000 -24.000000 0.094600 0.072900
25.000000 1.000000 0.094600 0.472100
24.000000 1.000000 0.094600 0.472100
0.000000 -13.000000 0.094600 0.248600
-5.500000 4.500000 0.219600 0.528000
0.000000 -11.000000 0.202600 0.280500
0.000000 -10.000000 0.202600 0.296500
-9.000000 28.000000 0.048800 0.332200
29.000000 1.000000 0.107200 0.497200
9.000000 28.000000 0.076200 0.332200
9.000000 1.000000 0.076200 0.495700
-6.000000 16.000000 0.195600 0.711600
-6.000000 -4.000000 0.195600 0.392300
-6.000000 -5.000000 0.195600 0.376300
0.000000 -11.000000 0.195600 0.280500
6.000000 5.000000 0.195600 0.536000
-5.500000 4.500000 0.094600 0.528000
5.500000 6.500000 0.094600 0.559900
-5.500000 14.500000 0.094600 0.687700
5.000000 24.000000 0.094600 0.839400
5.500000 24.500000 0.094600 0.847300
-5.500000 24.500000 0.094600 0.847300
5.500000 -3.500000 0.094600 0.400300
5.000000 -3.000000 0.094600 0.408300
-5.000000 -3.000000 0.094600 0.408300
150
0 1 2
3 4 5
6 7 8
8 9 10
11 12 13
14 15 16
17 18 19
9 20 21
22 23 24
25 26 27
28 6 29
29 30 31
32 33 34
0 35 36
18 21 20
26 33 37
2 38 39
25 40 41
42 40 43
44 45 46
47 34 25
48 49 50
17 51 9
30 52 31
53 54 55
56 52 47
57 58 59
60 61 62
45 63 36
64 65 66
67 68 69
1 54 38
70 71 72
73 74 75
76 77 78
79 77 80
81 82 83
84 63 85
84 86 1
53 39 38
27 35 43
53 41 40
87 88 89
13 90 11
50 91 87
5 92 93
49 94 50
89 95 13
96 97 49
5 90 98
96 92 99
0 84 1
8 63 6
32 30 63
63 45 32
7 17 8
63 30 6
8 17 9
11 5 4
12 100 13
11 4 12
14 101 102
103 104 16
104 105 16
14 102 15
103 16 15
17 7 18
9 51 20
23 102 101
24 105 104
23 101 106
24 104 22
23 106 24
28 56 6
29 6 30
32 107 33
108 36 35
84 0 36
18 7 21
26 34 33
2 1 38
25 27 40
42 53 40
26 37 46
44 107 32
109 26 46
44 32 45
109 46 45
25 10 56
9 21 10
56 47 25
34 26 25
10 21 56
89 13 110
13 100 110
3 5 93
111 3 93
87 89 110
87 110 112
50 87 112
111 93 96
50 112 113
48 111 96
50 113 48
48 96 49
17 19 51
30 47 52
53 38 54
56 28 52
57 114 58
60 115 116
117 61 60
60 116 117
64 118 65
67 119 68
1 86 54
72 74 73
120 70 72
72 73 120
75 71 70
121 73 75
75 70 121
76 122 123
124 77 76
76 123 124
123 122 79
79 78 77
80 123 79
125 67 126
67 69 126
68 119 127
127 119 83
81 125 82
82 127 83
125 126 82
84 36 63
84 85 86
53 42 39
43 40 27
27 108 35
53 55 41
87 91 88
13 95 90
50 94 91
5 98 92
49 97 94
89 88 95
96 99 97
5 11 90
96 93 92
