36
1.500000 28.000000 0.065523 0.068416
2.000000 30.000000 0.063171 0.069380
-2.000000 30.000000 0.087725 0.071097
-1.500000 28.000000 0.085475 0.069820
8.000000 21.500000 0.032200 0.128497
10.000000 22.000000 0.028876 0.147933
10.000000 0.000000 0.011447 0.497174
18.500000 10.000000 0.015941 0.343234
18.000000 12.000000 0.016983 0.314690
10.000000 4.000000 0.014775 0.378867
23.500000 10.000000 0.014987 0.372102
24.000000 12.000000 0.015605 0.353105
-18.500000 10.000000 0.131996 0.348850
-10.000000 4.000000 0.133143 0.384499
-18.000000 12.000000 0.130975 0.320288
-10.000000 0.000000 0.136447 0.502826
-8.000000 21.500000 0.116488 0.133426
-10.000000 22.000000 0.119596 0.153069
28.000000 5.500000 0.013081 0.436815
30.000000 6.000000 0.013111 0.435746
30.000000 0.000000 0.011447 0.497174
28.000000 0.500000 0.011596 0.491616
0.000000 -27.500000 0.072472 0.932979
0.000000 -30.000000 0.072472 0.932979
30.000000 0.000000 0.011625 0.497174
28.000000 0.500000 0.011477 0.491616
-28.000000 0.500000 0.136299 0.497268
-30.000000 0.000000 0.136447 0.502826
-28.000000 5.500000 0.134819 0.442462
-30.000000 6.000000 0.134789 0.441393
-23.500000 10.000000 0.132934 0.377733
-24.000000 12.000000 0.132325 0.358726
8.000000 0.000000 0.011447 0.497174
-8.000000 0.000000 0.136447 0.502826
-10.000000 1.500000 0.135203 0.456484
10.000000 1.500000 0.012695 0.450835
30
0 1 2
3 0 2
4 5 1
1 0 4
5 4 6
7 8 9
10 11 8
8 7 10
12 13 14
15 16 17
16 3 2
16 2 17
18 19 11
11 10 18
20 19 18
18 21 20
22 23 24
24 25 22
22 26 27
27 23 22
28 29 27
27 26 28
30 31 29
29 28 30
12 14 31
31 30 12
4 32 6
15 33 16
34 13 12
7 9 35