17
0.000000 0.000000 0.308600 0.752000
-11.379168 -4.712500 -0.000000 0.752000
-8.873334 -8.873334 -0.000000 0.752000
-4.712500 -11.379168 -0.000000 0.752000
0.000000 -12.551667 -0.000000 0.752000
4.712500 -11.379168 -0.000000 0.752000
8.873334 -8.873334 -0.000000 0.752000
11.379168 -4.712500 -0.000000 0.752000
12.551667 0.000000 -0.000000 0.752000
11.379168 4.712500 -0.000000 0.752000
8.873334 8.873334 -0.000000 0.752000
4.712500 11.379168 -0.000000 0.752000
0.000000 12.551667 -0.000000 0.752000
-4.712500 11.379168 -0.000000 0.752000
-8.873334 8.873334 -0.000000 0.752000
-11.379168 4.712500 -0.000000 0.752000
-12.551667 0.000000 -0.000000 0.752000
16
0 1 2
0 3 4
0 5 6
0 7 8
0 9 10
0 11 12
0 13 14
0 14 15
13 0 12
15 16 0
1 0 16
3 0 2
5 0 4
7 0 6
9 0 8
11 0 10
