12
5.000000 24.000000 0.536171 0.301126
0.000000 24.000000 0.534100 0.367417
0.000000 -23.000000 0.551018 0.908796
5.000000 -7.000000 0.546875 0.643631
24.000000 1.000000 0.551018 0.356369
19.000000 6.000000 0.546875 0.356369
-5.000000 -7.000000 0.546875 0.643631
-19.000000 6.000000 0.546875 0.356369
-24.000000 1.000000 0.542731 0.356369
0.000000 -23.000000 0.542731 0.908796
0.000000 24.000000 0.559649 0.367417
-5.000000 24.000000 0.557578 0.301126
8
0 1 2
3 0 2
3 2 4
5 3 4
6 7 8
6 8 9
6 9 10
11 6 10