14
0.000000 1.500000 0.046875 0.187500
-5.000000 1.500000 0.015625 0.125000
-0.000000 -3.500000 0.015625 0.250000
-5.000000 20.000000 0.015625 -0.187500
0.000000 20.000000 0.046875 -0.125000
0.000000 25.000000 0.046875 -0.187500
-25.000000 -0.000000 0.046875 -0.187500
0.000000 -25.000000 0.015625 -0.187500
0.000000 -15.000000 0.015625 -0.062500
-20.000000 5.000000 0.046875 -0.062500
5.000000 1.499999 0.015625 0.125000
5.000000 20.000000 0.015625 -0.187500
25.000000 -0.000000 0.046875 -0.187500
20.000000 5.000000 0.046875 -0.062500
12
0 1 2
3 1 0
3 0 4
4 5 3
6 7 8
6 8 9
0 2 10
11 4 0
11 0 10
4 11 5
12 13 8
12 8 7