24
-20.000000 5.000000 0.953125 0.500000
-20.000000 7.000003 0.953125 0.500000
-27.000000 0.000005 0.953125 0.500000
-25.000000 -0.000000 0.953125 0.500000
0.000002 27.000000 0.953125 0.500000
-6.499996 20.500000 0.953125 0.500000
-5.000000 20.000000 0.953125 0.500000
0.000000 25.000000 0.953125 0.500000
-0.000002 -27.000000 0.953125 0.500000
0.000000 -25.000000 0.953125 0.500000
0.000000 -15.000000 0.953125 0.500000
-0.000001 -13.000000 0.953125 0.500000
-5.000000 1.500000 0.953125 0.500000
-6.500000 1.000001 0.953125 0.500000
-0.000000 -5.500000 0.953125 0.500000
-0.000000 -3.500000 0.953125 0.500000
20.000000 5.000000 0.953125 0.500000
25.000000 -0.000000 0.953125 0.500000
27.000000 -0.000000 0.953125 0.500000
20.000000 7.000000 0.953125 0.500000
5.000000 20.000000 0.953125 0.500000
6.500000 20.500000 0.953125 0.500000
5.000000 1.499999 0.953125 0.500000
6.500000 1.000000 0.953125 0.500000
24
0 1 2
0 2 3
4 5 6
4 6 7
2 8 9
2 9 3
0 10 11
0 11 1
12 6 5
12 5 13
13 14 15
13 15 12
16 17 18
16 18 19
4 7 20
4 20 21
18 17 9
18 9 8
16 19 11
16 11 10
22 23 21
22 21 20
23 22 15
23 15 14