45
-16.0    0.0  0 0.75
-11.31 -11.31 0 0.75
  0.0  -16.0  0 0.75
 11.31 -11.31 0 0.75
 16.0    0.0  0 0.75
 11.31  11.31 0 0.75
 -0.0   16.0  0 0.75
-11.31  11.31 0 0.75
29.422066 0.009519 -0.999500 0.25
25.401829 14.852878 -0.931249 0.1240015
14.843359 25.411350 -0.751997 0.0343755
-0.000001 29.431583 -0.500000 0.00025
-14.843361 25.411348 -0.248003 0.0343755
-25.401833 14.852878 -0.068751 0.1240015
-29.422066 0.009516 -0.000500 0.25
-25.401827 -14.833844 -0.068751 0.3759985
-14.843357 -25.392317 -0.248003 0.4656245
0.000004 -29.412546 -0.500000 0.49975
14.843363 -25.392307 -0.751997 0.4656245
25.401833 -14.833840 -0.931249 0.3759985
19.921448 0.009518 0.838208 0.25
17.189407 10.096646 0.791826 0.164375
10.087127 17.198929 0.671250 0.104087
-0.000000 19.930965 0.500000 0.080896
-10.087129 17.198925 0.328750 0.104087
-17.189411 10.096646 0.208174 0.164375
-19.921448 0.009518 0.161792 0.25
-17.189405 -10.077612 0.208174 0.335625
-10.087127 -17.179895 0.328750 0.395913
0.000001 -19.911928 0.500000 0.419104
10.087130 -17.179886 0.671250 0.395913
17.189411 -10.077609 0.791826 0.335625
10.420829 0.009516 -0.676915 0.25
8.976986 5.340415 -0.652403 0.2047485
5.330894 8.986506 -0.590503 0.1737985
0.000001 10.430347 -0.500000 0.1615425
-5.330897 8.986505 -0.409497 0.1737985
-8.976989 5.340414 -0.347597 0.2047485
-10.420829 0.009520 -0.323085 0.25
-8.976985 -5.321381 -0.347597 0.2952515
-5.330895 -8.967473 -0.409497 0.3262015
-0.000003 -10.411310 -0.500000 0.3384575
5.330898 -8.967464 -0.590503 0.3262015
8.976988 -5.321376 -0.652403 0.2952515
0 0 0.5 0.75
56
44 0 1
44 1 2
44 2 3
44 3 4
44 4 5
44 5 6
44 6 7
44 7 0
8 9 20
9 21 20
9 10 21
10 22 21
10 11 22
11 23 22
11 12 23
12 24 23
12 13 24
13 25 24
13 14 25
14 26 25
14 15 26
15 27 26
15 16 27
16 28 27
16 17 28
17 29 28
17 18 29
18 30 29
18 19 30
19 31 30
19 8 31 
8 20 31 
20 21 32
21 33 32
21 22 33
22 34 33
22 23 34
23 35 34
23 24 35
24 36 35
24 25 36
25 37 36
25 26 37
26 38 37
26 27 38
27 39 38
27 28 39
28 40 39
28 29 40
29 41 40
29 30 41
30 42 41
30 31 42
31 43 42
31 20 43
20 32 43