29
1.500000 21.000000 0.440771 0.001033
-1.500000 21.000000 0.440771 0.001033
-4.000000 18.500000 0.440771 0.001033
4.000000 18.500000 0.440771 0.001033
-4.000000 9.000000 0.440771 0.001033
4.000000 9.000000 0.440771 0.001033
0.000000 5.000000 0.440771 0.001033
1.500000 4.000000 0.448399 0.001033
4.000000 -5.000000 0.448399 0.001033
4.000000 6.500000 0.448399 0.001033
0.000000 -9.000000 0.448399 0.001033
-1.500000 4.000000 0.448399 0.001033
-4.000000 6.500000 0.448399 0.001033
-4.000000 -5.000000 0.448399 0.001033
-1.500000 -10.000000 0.456533 0.001033
0.000000 -21.500000 0.456533 0.001033
1.500000 -10.000000 0.456533 0.001033
8.500000 -6.000000 0.456533 0.001033
-8.500000 -6.000000 0.456533 0.001033
23.000000 4.000000 0.458630 0.001033
22.000000 5.000000 0.458630 0.001033
19.500000 5.000000 0.458630 0.001033
23.000000 1.500000 0.458630 0.001033
-19.500000 5.000000 0.454991 0.001033
-22.000000 5.000000 0.454991 0.001033
-23.000000 4.000000 0.454991 0.001033
-23.000000 1.500000 0.454991 0.001033
5.500000 -6.000000 0.456533 0.001033
-5.500000 -6.000000 0.456533 0.001033
23
0 1 2
2 3 0
4 5 3
4 3 2
4 6 5
7 8 9
10 8 7
10 7 11
10 11 12
12 13 10
14 15 16
15 17 16
15 14 18
19 20 21
21 22 19
23 24 25
23 25 26
15 18 23
23 26 15
21 17 15
15 22 21
16 17 27
14 28 18
