34
1.500000 28.000000 0.128125 0.266667
2.000000 30.000000 0.129167 0.250000
-2.000000 30.000000 0.120833 0.250000
-1.500000 28.000000 0.121875 0.266667
8.000000 21.500000 0.141667 0.320833
10.000000 22.000000 0.145833 0.316667
10.000000 0.000000 0.145833 0.500000
18.500000 10.000000 0.163542 0.416667
18.000000 12.000000 0.162500 0.400000
10.000000 4.000000 0.145833 0.466666
23.500000 10.000000 0.173958 0.416667
24.000000 12.000000 0.175000 0.400000
-18.500000 10.000000 0.086458 0.416667
-10.000000 4.000000 0.104167 0.466666
-18.000000 12.000000 0.087500 0.400000
-10.000000 0.000000 0.104167 0.500000
-8.000000 21.500000 0.108333 0.320833
-10.000000 22.000000 0.104167 0.316667
28.000000 5.500000 0.183333 0.454166
30.000000 6.000000 0.187500 0.450000
30.000000 0.000000 0.187500 0.500000
28.000000 0.500000 0.183333 0.495833
0.000000 -27.500000 0.125000 0.729166
0.000000 -30.000000 0.125000 0.750000
-28.000000 0.500000 0.066667 0.495833
-30.000000 0.000000 0.062500 0.500000
-28.000000 5.500000 0.066667 0.454166
-30.000000 6.000000 0.062500 0.450000
-23.500000 10.000000 0.076042 0.416667
-24.000000 12.000000 0.075000 0.400000
8.000000 0.000000 0.141667 0.500000
-8.000000 0.000000 0.108333 0.500000
-10.000000 1.500000 0.104167 0.487500
10.000000 1.500000 0.145833 0.487500
30
0 1 2
3 0 2
4 5 1
1 0 4
5 4 6
7 8 9
10 11 8
8 7 10
12 13 14
15 16 17
16 3 2
16 2 17
18 19 11
11 10 18
20 19 18
18 21 20
22 23 20
20 21 22
22 24 25
25 23 22
26 27 25
25 24 26
28 29 27
27 26 28
12 14 29
29 28 12
4 30 6
15 31 16
32 13 12
7 9 33