36
0.000000 -28.242641 0.125000 1.000000
29.242641 1.000000 0.125000 0.480063
0.000000 -23.000000 0.250000 0.906785
24.000000 1.000000 0.250000 0.480063
19.000000 11.242641 0.125000 0.297948
19.000000 6.000000 0.250000 0.391162
9.000000 1.242640 0.125000 0.475749
5.000000 -7.000000 0.250000 0.622304
9.000000 28.000000 0.125000 0.000000
5.000000 24.000000 0.250000 0.071120
-9.000000 28.000000 0.125000 0.000000
-5.000000 24.000000 0.250000 0.071120
-9.000000 1.242640 0.125000 0.475749
-5.000000 -7.000000 0.250000 0.622304
-19.000000 11.242641 0.125000 0.297948
-19.000000 6.000000 0.250000 0.391162
-29.242641 1.000000 0.125000 0.480063
-24.000000 1.000000 0.250000 0.480063
0.000000 -31.071068 0.062500 0.980509
32.071068 1.000000 0.125139 0.479399
0.000000 -28.242641 0.062500 0.936315
29.242641 1.000000 0.119614 0.479399
19.000000 14.071068 0.099609 0.275164
19.000000 11.242641 0.099609 0.319358
11.000000 6.071067 0.083984 0.400164
9.000000 1.242640 0.080078 0.475608
11.000000 30.000000 0.083984 0.026274
9.000000 28.000000 0.080078 0.057524
-11.000000 30.000000 0.041015 0.026274
-9.000000 28.000000 0.044921 0.057524
-11.000000 6.071067 0.041015 0.400163
-9.000000 1.242640 0.044921 0.475608
-19.000000 14.071068 0.025391 0.275163
-19.000000 11.242641 0.025391 0.319358
-32.071068 1.000000 -0.000139 0.479399
-29.242641 1.000000 0.005385 0.479399
36
0 1 2
1 3 2
1 4 3
4 5 3
4 6 5
6 7 5
6 8 7
8 9 7
8 10 9
10 11 9
10 12 11
12 13 11
12 14 13
14 15 13
14 16 15
16 17 15
16 0 17
0 2 17
18 19 20
19 21 20
19 22 21
22 23 21
22 24 23
24 25 23
24 26 25
26 27 25
26 28 27
28 29 27
28 30 29
30 31 29
30 32 31
32 33 31
32 34 33
34 35 33
34 18 35
18 20 35